1 0.10267857142857142 0.4977678571428571 0.15178571428571427 0.9955357142857142
1 0.26116071428571425 0.29910714285714285 0.34375 0.2857142857142857
1 0.7745535714285714 0.3995535714285714 0.40625 0.17410714285714285
1 0.7767857142857142 0.06026785714285714 0.3571428571428571 0.12053571428571427
0 0.38169642857142855 0.026785714285714284 0.5133928571428571 0.05357142857142857
0 0.515625 0.3839285714285714 0.16517857142857142 0.10714285714285714
0 0.5870535714285714 0.9107142857142857 0.8169642857142857 0.09821428571428571
0 0.9084821428571428 0.6875 0.11160714285714285 0.49107142857142855
1 0.5424107142857143 0.9196428571428571 0.15625 0.08928571428571427
1 0.8638392857142857 0.9464285714285714 0.21875 0.09821428571428571
1 0.703125 0.9263392857142857 0.07589285714285714 0.049107142857142856
