1 0.33928571428571425 0.3325892857142857 0.17857142857142855 0.1919642857142857
1 0.5892857142857143 0.6227678571428571 0.23214285714285712 0.32589285714285715
1 0.8392857142857142 0.5401785714285714 0.04464285714285714 0.10714285714285714
1 0.8303571428571428 0.7321428571428571 0.0625 0.23214285714285712
0 0.13169642857142858 0.32366071428571425 0.2544642857142857 0.049107142857142856
0 0.24330357142857142 0.39285714285714285 0.21875 0.07142857142857142
0 0.453125 0.4375 0.08482142857142856 0.05357142857142857
0 0.8638392857142857 0.359375 0.08482142857142856 0.24553571428571427
0 0.7589285714285714 0.5691964285714285 0.10714285714285714 0.06696428571428571
0 0.7410714285714285 0.7388392857142857 0.10714285714285714 0.049107142857142856
