1 0.08928571428571427 0.5982142857142857 0.17857142857142855 0.1875
1 0.3125 0.2232142857142857 0.1875 0.14285714285714285
1 0.71875 0.21428571428571427 0.15178571428571427 0.09821428571428571
1 0.29464285714285715 0.35491071428571425 0.09821428571428571 0.16517857142857142
1 0.24776785714285712 0.8772321428571428 0.08482142857142856 0.07589285714285714
0 0.18303571428571427 0.7611607142857142 0.14285714285714285 0.24553571428571427
0 0.16964285714285712 0.4665178571428571 0.2232142857142857 0.24553571428571427
0 0.5290178571428571 0.18303571428571427 0.27232142857142855 0.10714285714285714
0 0.8794642857142857 0.21428571428571427 0.23214285714285712 0.0625
0 0.1875 0.953125 0.1607142857142857 0.08482142857142856
