1 0.25223214285714285 0.1450892857142857 0.20982142857142855 0.14732142857142858
1 0.06473214285714285 0.09598214285714285 0.1294642857142857 0.11160714285714285
1 0.8214285714285714 0.13839285714285712 0.3482142857142857 0.17857142857142855
1 0.9352678571428571 0.8616071428571428 0.12053571428571427 0.15178571428571427
1 0.024553571428571428 0.8794642857142857 0.049107142857142856 0.125
1 0.6830357142857143 0.6428571428571428 0.07142857142857142 0.08035714285714285
0 0.45982142857142855 0.4352678571428571 0.4196428571428571 0.43303571428571425
1 0.7745535714285714 0.6919642857142857 0.05803571428571428 0.07142857142857142
1 0.11830357142857142 0.6785714285714285 0.10267857142857142 0.125
1 0.11830357142857142 0.4575892857142857 0.09375 0.1294642857142857
0 0.5178571428571428 0.10267857142857142 0.33928571428571425 0.07142857142857142
0 0.14955357142857142 0.10267857142857142 0.08482142857142856 0.05357142857142857
1 0.8705357142857142 0.765625 0.04464285714285714 0.05803571428571428
