0 0.4040178571428571 0.7477678571428571 0.8080357142857142 0.4151785714285714
0 0.765625 0.38616071428571425 0.20982142857142855 0.11160714285714285
0 0.2544642857142857 0.38616071428571425 0.09821428571428571 0.07589285714285714
0 0.6674107142857143 0.06919642857142856 0.040178571428571425 0.1294642857142857
1 0.09151785714285714 0.36160714285714285 0.18303571428571427 0.3125
1 0.328125 0.34151785714285715 0.05803571428571428 0.049107142857142856
1 0.4888392857142857 0.234375 0.15625 0.18303571428571427
1 0.6227678571428571 0.30803571428571425 0.06696428571428571 0.04464285714285714
1 0.6495535714285714 0.203125 0.06696428571428571 0.040178571428571425
1 0.7901785714285714 0.2901785714285714 0.09821428571428571 0.07142857142857142
1 0.9620535714285714 0.4263392857142857 0.06696428571428571 0.049107142857142856
1 0.35044642857142855 0.07589285714285714 0.15625 0.15178571428571427
1 0.7321428571428571 0.11160714285714285 0.0625 0.03571428571428571
1 0.7388392857142857 0.011160714285714284 0.06696428571428571 0.02232142857142857
1 0.9352678571428571 0.0625 0.049107142857142856 0.04464285714285714
