1 0.6116071428571428 0.43973214285714285 0.4375 0.32589285714285715
0 0.203125 0.4977678571428571 0.07589285714285714 0.9955357142857142
1 0.203125 0.31473214285714285 0.03125 0.07589285714285714
1 0.20535714285714285 0.22991071428571427 0.026785714285714284 0.049107142857142856
1 0.19866071428571427 0.026785714285714284 0.040178571428571425 0.05357142857142857
1 0.20535714285714285 0.609375 0.026785714285714284 0.06696428571428571
1 0.19642857142857142 0.9352678571428571 0.026785714285714284 0.12053571428571427
0 0.828125 0.7700892857142857 0.18303571428571427 0.3169642857142857
1 0.8727678571428571 0.6607142857142857 0.07589285714285714 0.0625
0 0.8794642857142857 0.484375 0.10714285714285714 0.10267857142857142
1 0.203125 0.39732142857142855 0.040178571428571425 0.05357142857142857
0 0.3169642857142857 0.34151785714285715 0.16964285714285712 0.13839285714285712
