1 0.38616071428571425 0.21651785714285712 0.7723214285714285 0.43303571428571425
1 0.06026785714285714 0.15625 0.12053571428571427 0.08035714285714285
1 0.8080357142857142 0.7075892857142857 0.08035714285714285 0.33482142857142855
1 0.484375 0.9464285714285714 0.1294642857142857 0.09821428571428571
0 0.21651785714285712 0.953125 0.43303571428571425 0.08482142857142856
0 0.7745535714285714 0.44866071428571425 0.18303571428571427 0.14732142857142858
0 0.26339285714285715 0.11160714285714285 0.16964285714285712 0.13392857142857142
0 0.10267857142857142 0.23214285714285712 0.08928571428571427 0.05357142857142857
0 0.6897321428571428 0.75 0.14732142857142858 0.24107142857142855
1 0.9553571428571428 0.828125 0.08035714285714285 0.33482142857142855
