1 0.6071428571428571 0.05803571428571428 0.2857142857142857 0.11607142857142856
0 0.10714285714285714 0.4308035714285714 0.21428571428571427 0.15625
0 0.53125 0.44419642857142855 0.45535714285714285 0.23660714285714285
0 0.24553571428571427 0.25669642857142855 0.49107142857142855 0.20089285714285712
0 0.8504464285714285 0.703125 0.2901785714285714 0.32589285714285715
0 0.05133928571428571 0.9196428571428571 0.10267857142857142 0.15178571428571427
0 0.2075892857142857 0.6294642857142857 0.39732142857142855 0.3214285714285714
1 0.8883928571428571 0.42410714285714285 0.11607142857142856 0.125
0 0.9241071428571428 0.5513392857142857 0.14285714285714285 0.1919642857142857
0 0.828125 0.0625 0.10267857142857142 0.125
0 0.3526785714285714 0.06026785714285714 0.09821428571428571 0.12053571428571427
0 0.9508928571428571 0.171875 0.08928571428571427 0.15625
0 0.7723214285714285 0.33482142857142855 0.17857142857142855 0.21428571428571427
