1 0.2857142857142857 0.30803571428571425 0.5714285714285714 0.3571428571428571
0 0.5803571428571428 0.33928571428571425 0.09821428571428571 0.19642857142857142
0 0.8348214285714285 0.44419642857142855 0.3214285714285714 0.11160714285714285
0 0.09375 0.9107142857142857 0.1607142857142857 0.16964285714285712
0 0.6651785714285714 0.7455357142857142 0.20535714285714285 0.125
0 0.8705357142857142 0.13616071428571427 0.25 0.23660714285714285
1 0.84375 0.78125 0.08035714285714285 0.10714285714285714
1 0.6919642857142857 0.6651785714285714 0.09821428571428571 0.09821428571428571
1 0.6495535714285714 0.2232142857142857 0.23660714285714285 0.16964285714285712
1 0.10491071428571427 0.7142857142857142 0.20982142857142855 0.3125
1 0.3526785714285714 0.5044642857142857 0.20535714285714285 0.1607142857142857
1 0.5 0.6272321428571428 0.24107142857142855 0.24553571428571427
1 0.27678571428571425 0.7410714285714285 0.19642857142857142 0.16964285714285712
1 0.6607142857142857 0.484375 0.24107142857142855 0.23660714285714285
