0 0.22544642857142855 0.2232142857142857 0.37053571428571425 0.25
0 0.34598214285714285 0.1294642857142857 0.6116071428571428 0.16964285714285712
0 0.7433035714285714 0.4107142857142857 0.5044642857142857 0.4107142857142857
0 0.890625 0.2232142857142857 0.16517857142857142 0.1607142857142857
0 0.10267857142857142 0.4464285714285714 0.19642857142857142 0.2589285714285714
0 0.24776785714285712 0.7321428571428571 0.49553571428571425 0.2589285714285714
0 0.25 0.9352678571428571 0.5 0.12053571428571427
1 0.03125 0.08258928571428571 0.0625 0.05803571428571428
1 0.06696428571428571 0.8973214285714285 0.04464285714285714 0.017857142857142856
1 0.02901785714285714 0.5892857142857143 0.05803571428571428 0.026785714285714284
1 0.9866071428571428 0.2857142857142857 0.017857142857142856 0.04464285714285714
