1 0.5245535714285714 0.5758928571428571 0.23660714285714285 0.13392857142857142
1 0.3370535714285714 0.08705357142857142 0.16517857142857142 0.08482142857142856
1 0.18973214285714285 0.16517857142857142 0.15625 0.1875
1 0.5959821428571428 0.0625 0.28125 0.07142857142857142
1 0.23660714285714285 0.6049107142857143 0.23214285714285712 0.1919642857142857
1 0.078125 0.20982142857142855 0.08482142857142856 0.16964285714285712
1 0.08258928571428571 0.033482142857142856 0.08482142857142856 0.06696428571428571
1 0.6294642857142857 0.6897321428571428 0.25 0.10267857142857142
0 0.7857142857142857 0.34375 0.4196428571428571 0.375
0 0.1875 0.42857142857142855 0.2857142857142857 0.33928571428571425
0 0.37053571428571425 0.5290178571428571 0.125 0.09375
0 0.6183035714285714 0.6227678571428571 0.10267857142857142 0.06696428571428571
