1 0.40178571428571425 0.21428571428571427 0.30357142857142855 0.29464285714285715
1 0.5178571428571428 0.4263392857142857 0.125 0.1294642857142857
1 0.671875 0.6071428571428571 0.10267857142857142 0.14285714285714285
1 0.40625 0.8861607142857142 0.13392857142857142 0.10267857142857142
1 0.8415178571428571 0.31919642857142855 0.13839285714285712 0.20089285714285712
0 0.8459821428571428 0.7366071428571428 0.29910714285714285 0.30357142857142855
0 0.5245535714285714 0.7366071428571428 0.22767857142857142 0.25
0 0.31919642857142855 0.9620535714285714 0.1294642857142857 0.06696428571428571
0 0.26339285714285715 0.05803571428571428 0.23214285714285712 0.11607142857142856
0 0.9375 0.11607142857142856 0.11607142857142856 0.19642857142857142
1 0.75 0.453125 0.07142857142857142 0.05803571428571428
0 0.609375 0.5178571428571428 0.11160714285714285 0.09821428571428571
1 0.90625 0.020089285714285712 0.13392857142857142 0.040178571428571425
