1 0.10044642857142856 0.29464285714285715 0.20089285714285712 0.5089285714285714
0 0.13839285714285712 0.6004464285714285 0.11607142857142856 0.24553571428571427
0 0.6785714285714285 0.8482142857142857 0.6339285714285714 0.29464285714285715
0 0.6964285714285714 0.390625 0.5982142857142857 0.15625
0 0.8236607142857142 0.5223214285714285 0.34375 0.125
0 0.5044642857142857 0.5758928571428571 0.19642857142857142 0.26785714285714285
0 0.8883928571428571 0.1875 0.21428571428571427 0.2589285714285714
0 0.3058035714285714 0.10714285714285714 0.1919642857142857 0.21428571428571427
0 0.5825892857142857 0.06919642857142856 0.32589285714285715 0.13839285714285712
0 0.2700892857142857 0.5334821428571428 0.21875 0.2901785714285714
0 0.8035714285714285 0.640625 0.3839285714285714 0.14732142857142858
0 0.09598214285714285 0.049107142857142856 0.1919642857142857 0.09821428571428571
0 0.05357142857142857 0.5959821428571428 0.10714285714285714 0.2544642857142857
1 0.046875 0.8147321428571428 0.09375 0.16517857142857142
0 0.08258928571428571 0.9330357142857142 0.16517857142857142 0.125
