1 0.140625 0.6473214285714285 0.2544642857142857 0.2857142857142857
1 0.5736607142857143 0.39285714285714285 0.22767857142857142 0.125
1 0.3883928571428571 0.4665178571428571 0.11607142857142856 0.06696428571428571
1 0.7745535714285714 0.29241071428571425 0.17410714285714285 0.11160714285714285
1 0.8058035714285714 0.09375 0.26339285714285715 0.13392857142857142
1 0.09151785714285714 0.24553571428571427 0.14732142857142858 0.11607142857142856
0 0.31919642857142855 0.5357142857142857 0.20089285714285712 0.08928571428571427
0 0.3950892857142857 0.22544642857142855 0.48660714285714285 0.16517857142857142
1 0.9107142857142857 0.24553571428571427 0.08035714285714285 0.07142857142857142
1 0.6629464285714285 0.16517857142857142 0.07589285714285714 0.07142857142857142
