1 0.32589285714285715 0.4888392857142857 0.23214285714285712 0.17410714285714285
1 0.8571428571428571 0.1919642857142857 0.125 0.17857142857142855
1 0.011160714285714284 0.7924107142857142 0.02232142857142857 0.05803571428571428
0 0.109375 0.6540178571428571 0.17410714285714285 0.16517857142857142
0 0.12723214285714285 0.3214285714285714 0.2544642857142857 0.30357142857142855
0 0.6495535714285714 0.27901785714285715 0.39732142857142855 0.28125
0 0.6339285714285714 0.7544642857142857 0.5357142857142857 0.4732142857142857
0 0.9508928571428571 0.9129464285714285 0.08035714285714285 0.15625
0 0.24776785714285712 0.9241071428571428 0.23660714285714285 0.14285714285714285
0 0.9419642857142857 0.078125 0.09821428571428571 0.10267857142857142
