1 0.6941964285714285 0.609375 0.6026785714285714 0.5401785714285714
1 0.328125 0.5758928571428571 0.18303571428571427 0.14285714285714285
1 0.14732142857142858 0.5111607142857143 0.29464285714285715 0.12053571428571427
1 0.09821428571428571 0.9598214285714285 0.19642857142857142 0.07142857142857142
0 0.12723214285714285 0.7232142857142857 0.2544642857142857 0.08035714285714285
0 0.35044642857142855 0.8370535714285714 0.26339285714285715 0.11160714285714285
0 0.5558035714285714 0.9129464285714285 0.12053571428571427 0.16517857142857142
0 0.7232142857142857 0.8392857142857142 0.0625 0.15178571428571427
0 0.8638392857142857 0.7924107142857142 0.06696428571428571 0.15625
0 0.4821428571428571 0.5513392857142857 0.07142857142857142 0.1294642857142857
0 0.24107142857142855 0.8861607142857142 0.07142857142857142 0.21875
1 0.28794642857142855 0.7410714285714285 0.11160714285714285 0.1607142857142857
0 0.8683035714285714 0.07366071428571429 0.17410714285714285 0.14732142857142858
0 0.234375 0.04464285714285714 0.12053571428571427 0.08928571428571427
0 0.5647321428571428 0.06696428571428571 0.12053571428571427 0.125
0 0.31026785714285715 0.2388392857142857 0.13839285714285712 0.17410714285714285
0 0.71875 0.10044642857142856 0.10714285714285714 0.18303571428571427
