1 0.1607142857142857 0.11830357142857142 0.13392857142857142 0.11160714285714285
1 0.05357142857142857 0.359375 0.10714285714285714 0.26339285714285715
1 0.11830357142857142 0.59375 0.10267857142857142 0.04464285714285714
1 0.5803571428571428 0.6540178571428571 0.09821428571428571 0.11160714285714285
1 0.8839285714285714 0.6071428571428571 0.2232142857142857 0.2232142857142857
0 0.15401785714285712 0.06919642857142856 0.29910714285714285 0.11160714285714285
0 0.05803571428571428 0.703125 0.09821428571428571 0.18303571428571427
0 0.03571428571428571 0.5334821428571428 0.05357142857142857 0.11160714285714285
0 0.3526785714285714 0.640625 0.3482142857142857 0.10267857142857142
0 0.7075892857142857 0.6808035714285714 0.1294642857142857 0.040178571428571425
0 0.6919642857142857 0.546875 0.11607142857142856 0.10267857142857142
0 0.8616071428571428 0.5401785714285714 0.125 0.13392857142857142
0 0.1294642857142857 0.19866071428571427 0.05357142857142857 0.05803571428571428
