1 0.3482142857142857 0.6339285714285714 0.1607142857142857 0.15178571428571427
1 0.5580357142857143 0.6026785714285714 0.10714285714285714 0.08035714285714285
1 0.6919642857142857 0.6138392857142857 0.13392857142857142 0.14732142857142858
1 0.7566964285714285 0.27232142857142855 0.049107142857142856 0.05357142857142857
1 0.9575892857142857 0.08705357142857142 0.07589285714285714 0.17410714285714285
0 0.671875 0.40625 0.24553571428571427 0.2857142857142857
0 0.359375 0.47544642857142855 0.32589285714285715 0.18303571428571427
0 0.24107142857142855 0.6272321428571428 0.04464285714285714 0.03125
0 0.25669642857142855 0.29910714285714285 0.15625 0.10714285714285714
0 0.6785714285714285 0.25669642857142855 0.07142857142857142 0.09375
