0 0.5223214285714285 0.09598214285714285 0.13392857142857142 0.02232142857142857
0 0.6919642857142857 0.15848214285714285 0.07142857142857142 0.08482142857142856
0 0.5200892857142857 0.27901785714285715 0.1294642857142857 0.049107142857142856
0 0.6852678571428571 0.29241071428571425 0.08482142857142856 0.03125
0 0.46875 0.5133928571428571 0.09821428571428571 0.026785714285714284
0 0.5379464285714285 0.5379464285714285 0.05803571428571428 0.03125
0 0.671875 0.5825892857142857 0.08482142857142856 0.02232142857142857
0 0.47991071428571425 0.6428571428571428 0.16517857142857142 0.03571428571428571
0 0.6674107142857143 0.671875 0.07589285714285714 0.02232142857142857
0 0.4375 0.8303571428571428 0.07142857142857142 0.026785714285714284
