0 0.28348214285714285 0.09375 0.21875 0.0625
0 0.46428571428571425 0.13839285714285712 0.08928571428571427 0.03571428571428571
0 0.5959821428571428 0.375 0.26339285714285715 0.3571428571428571
0 0.7053571428571428 0.4821428571428571 0.13392857142857142 0.03571428571428571
0 0.22767857142857142 0.45535714285714285 0.08928571428571427 0.0625
0 0.36160714285714285 0.3794642857142857 0.08035714285714285 0.05357142857142857
0 0.3683035714285714 0.6272321428571428 0.18303571428571427 0.12053571428571427
0 0.4352678571428571 0.7522321428571428 0.22767857142857142 0.14732142857142858
0 0.6964285714285714 0.7611607142857142 0.125 0.09375
0 0.34151785714285715 0.9375 0.33482142857142855 0.11607142857142856
