0 0.6473214285714285 0.4933035714285714 0.26785714285714285 0.9866071428571428
0 0.4464285714285714 0.5625 0.09821428571428571 0.19642857142857142
0 0.4263392857142857 0.7991071428571428 0.05803571428571428 0.24107142857142855
0 0.359375 0.8950892857142857 0.040178571428571425 0.20089285714285712
0 0.27901785714285715 0.6116071428571428 0.07589285714285714 0.03571428571428571
0 0.22098214285714285 0.8236607142857142 0.013392857142857142 0.12053571428571427
0 0.2589285714285714 0.8928571428571428 0.026785714285714284 0.1875
1 0.2232142857142857 0.38169642857142855 0.05357142857142857 0.7544642857142857
1 0.3571428571428571 0.265625 0.09821428571428571 0.53125
1 0.32589285714285715 0.6763392857142857 0.13392857142857142 0.22767857142857142
1 0.22544642857142855 0.9151785714285714 0.040178571428571425 0.05357142857142857
0 0.2232142857142857 0.96875 0.05357142857142857 0.05357142857142857
0 0.3526785714285714 0.5513392857142857 0.026785714285714284 0.049107142857142856
