0 0.5513392857142857 0.15848214285714285 0.1919642857142857 0.13839285714285712
0 0.3883928571428571 0.5044642857142857 0.04464285714285714 0.3125
0 0.27901785714285715 0.7700892857142857 0.03125 0.20089285714285712
0 0.33035714285714285 0.05357142857142857 0.04464285714285714 0.08928571428571427
0 0.6227678571428571 0.033482142857142856 0.12053571428571427 0.040178571428571425
0 0.5089285714285714 0.04241071428571428 0.017857142857142856 0.05803571428571428
0 0.42410714285714285 0.11830357142857142 0.04464285714285714 0.22767857142857142
1 0.34151785714285715 0.33928571428571425 0.14732142857142858 0.6517857142857143
1 0.53125 0.011160714285714284 0.07142857142857142 0.02232142857142857
1 0.6584821428571428 0.22991071428571427 0.040178571428571425 0.05803571428571428
