0 0.5446428571428571 0.06026785714285714 0.25 0.11160714285714285
0 0.6785714285714285 0.13169642857142858 0.14285714285714285 0.05803571428571428
0 0.46875 0.21205357142857142 0.14285714285714285 0.09375
0 0.6897321428571428 0.27901785714285715 0.10267857142857142 0.02232142857142857
0 0.4821428571428571 0.35044642857142855 0.16964285714285712 0.14732142857142858
0 0.4776785714285714 0.4732142857142857 0.17857142857142855 0.07142857142857142
0 0.4933035714285714 0.5803571428571428 0.20982142857142855 0.08035714285714285
0 0.6629464285714285 0.35491071428571425 0.08482142857142856 0.03125
0 0.6919642857142857 0.46428571428571425 0.0625 0.15178571428571427
0 0.41741071428571425 0.6763392857142857 0.06696428571428571 0.09375
1 0.5558035714285714 0.7723214285714285 0.33482142857142855 0.1607142857142857
