1 0.6049107142857143 0.328125 0.3883928571428571 0.1919642857142857
1 0.6004464285714285 0.921875 0.05803571428571428 0.10267857142857142
1 0.5982142857142857 0.6785714285714285 0.5357142857142857 0.08035714285714285
0 0.02901785714285714 0.30803571428571425 0.05803571428571428 0.04464285714285714
0 0.06026785714285714 0.5848214285714285 0.09375 0.2232142857142857
0 0.26785714285714285 0.6004464285714285 0.24107142857142855 0.16517857142857142
0 0.5133928571428571 0.5066964285714285 0.17857142857142855 0.17410714285714285
0 0.7433035714285714 0.5334821428571428 0.12053571428571427 0.18303571428571427
0 0.9375 0.65625 0.11607142857142856 0.03571428571428571
0 0.4419642857142857 0.828125 0.2589285714285714 0.21875
0 0.16741071428571427 0.7075892857142857 0.32589285714285715 0.049107142857142856
