0 0.140625 0.4977678571428571 0.12053571428571427 0.9955357142857142
0 0.328125 0.4732142857142857 0.07589285714285714 0.08035714285714285
0 0.5669642857142857 0.5178571428571428 0.5714285714285714 0.4821428571428571
0 0.9241071428571428 0.3727678571428571 0.14285714285714285 0.7455357142857142
1 0.359375 0.34598214285714285 0.1294642857142857 0.12053571428571427
1 0.16741071428571427 0.9129464285714285 0.08482142857142856 0.16517857142857142
1 0.7767857142857142 0.7075892857142857 0.17857142857142855 0.17410714285714285
1 0.8683035714285714 0.9419642857142857 0.049107142857142856 0.07142857142857142
1 0.7745535714285714 0.13392857142857142 0.23660714285714285 0.26785714285714285
1 0.9620535714285714 0.2388392857142857 0.06696428571428571 0.08482142857142856
