0 0.4508928571428571 0.03794642857142857 0.0625 0.040178571428571425
0 0.5669642857142857 0.046875 0.15178571428571427 0.040178571428571425
0 0.7075892857142857 0.078125 0.12053571428571427 0.03125
0 0.359375 0.1450892857142857 0.049107142857142856 0.040178571428571425
0 0.4464285714285714 0.10267857142857142 0.0625 0.017857142857142856
0 0.625 0.12053571428571427 0.2589285714285714 0.0625
0 0.37053571428571425 0.22544642857142855 0.05357142857142857 0.02232142857142857
0 0.5267857142857143 0.21205357142857142 0.2232142857142857 0.05803571428571428
0 0.7120535714285714 0.19866071428571427 0.09375 0.049107142857142856
0 0.6272321428571428 0.296875 0.27232142857142855 0.040178571428571425
0 0.46875 0.4308035714285714 0.10714285714285714 0.03125
0 0.3571428571428571 0.4464285714285714 0.05357142857142857 0.017857142857142856
0 0.6763392857142857 0.42857142857142855 0.16517857142857142 0.05357142857142857
0 0.5 0.5267857142857143 0.125 0.04464285714285714
0 0.53125 0.6026785714285714 0.08035714285714285 0.017857142857142856
0 0.53125 0.6339285714285714 0.08035714285714285 0.026785714285714284
0 0.6763392857142857 0.6205357142857143 0.16517857142857142 0.05357142857142857
0 0.4977678571428571 0.71875 0.16517857142857142 0.07142857142857142
0 0.6651785714285714 0.7633928571428571 0.16964285714285712 0.04464285714285714
0 0.5044642857142857 0.8883928571428571 0.13392857142857142 0.03571428571428571
0 0.6227678571428571 0.921875 0.23660714285714285 0.1294642857142857
1 0.234375 0.6428571428571428 0.1919642857142857 0.7053571428571428
1 0.44866071428571425 0.3125 0.06696428571428571 0.05357142857142857
1 0.5602678571428571 0.42410714285714285 0.06696428571428571 0.05357142857142857
1 0.45982142857142855 0.6160714285714285 0.0625 0.08928571428571427
