1 0.421875 0.31026785714285715 0.1294642857142857 0.22767857142857142
0 0.578125 0.37053571428571425 0.06696428571428571 0.23214285714285712
0 0.5915178571428571 0.5133928571428571 0.08482142857142856 0.07142857142857142
0 0.5959821428571428 0.75 0.11160714285714285 0.4732142857142857
0 0.48660714285714285 0.9553571428571428 0.05357142857142857 0.07142857142857142
0 0.38169642857142855 0.796875 0.049107142857142856 0.10267857142857142
0 0.4151785714285714 0.5133928571428571 0.13392857142857142 0.25
0 0.375 0.34151785714285715 0.07142857142857142 0.16517857142857142
0 0.3482142857142857 0.1450892857142857 0.026785714285714284 0.10267857142857142
1 0.33482142857142855 0.046875 0.026785714285714284 0.09375
