0 0.41741071428571425 0.08928571428571427 0.20982142857142855 0.05357142857142857
0 0.5669642857142857 0.10044642857142856 0.16964285714285712 0.06696428571428571
0 0.4776785714285714 0.1875 0.3482142857142857 0.08035714285714285
0 0.47544642857142855 0.328125 0.34375 0.049107142857142856
0 0.4821428571428571 0.4508928571428571 0.33928571428571425 0.04464285714285714
0 0.4888392857142857 0.4040178571428571 0.05803571428571428 0.049107142857142856
0 0.4776785714285714 0.5602678571428571 0.33928571428571425 0.049107142857142856
0 0.47544642857142855 0.6964285714285714 0.33482142857142855 0.0625
0 0.4821428571428571 0.796875 0.33928571428571425 0.05803571428571428
0 0.4821428571428571 0.9397321428571428 0.3214285714285714 0.08482142857142856
