0 0.5513392857142857 0.09151785714285714 0.39732142857142855 0.049107142857142856
0 0.5290178571428571 0.1607142857142857 0.36160714285714285 0.04464285714285714
0 0.5424107142857143 0.22544642857142855 0.39732142857142855 0.05803571428571428
0 0.5379464285714285 0.32366071428571425 0.3883928571428571 0.03125
0 0.609375 0.44866071428571425 0.2544642857142857 0.040178571428571425
0 0.3727678571428571 0.4196428571428571 0.040178571428571425 0.026785714285714284
0 0.3995535714285714 0.5089285714285714 0.11160714285714285 0.05357142857142857
0 0.4151785714285714 0.5758928571428571 0.15178571428571427 0.017857142857142856
0 0.3950892857142857 0.6071428571428571 0.09375 0.017857142857142856
0 0.45535714285714285 0.6607142857142857 0.08035714285714285 0.03571428571428571
0 0.40625 0.6919642857142857 0.125 0.017857142857142856
0 0.6964285714285714 0.6316964285714285 0.0625 0.02232142857142857
0 0.5825892857142857 0.7544642857142857 0.27232142857142855 0.05357142857142857
0 0.41294642857142855 0.8258928571428571 0.13839285714285712 0.017857142857142856
0 0.4933035714285714 0.9129464285714285 0.28125 0.040178571428571425
0 0.6674107142857143 0.8772321428571428 0.09375 0.02232142857142857
0 0.640625 0.9665178571428571 0.1294642857142857 0.02232142857142857
1 0.5580357142857143 0.625 0.21428571428571427 0.0625
1 0.4419642857142857 0.4308035714285714 0.07142857142857142 0.05803571428571428
1 0.24330357142857142 0.6316964285714285 0.13839285714285712 0.65625
