0 0.6741071428571428 0.5982142857142857 0.09821428571428571 0.625
0 0.5267857142857143 0.5379464285714285 0.09821428571428571 0.5401785714285714
0 0.19419642857142855 0.6830357142857143 0.05803571428571428 0.625
0 0.02901785714285714 0.31026785714285715 0.05803571428571428 0.6026785714285714
0 0.04241071428571428 0.890625 0.08482142857142856 0.20982142857142855
0 0.5535714285714285 0.03571428571428571 0.19642857142857142 0.07142857142857142
1 0.32589285714285715 0.18303571428571427 0.2857142857142857 0.36607142857142855
1 0.5535714285714285 0.24776785714285712 0.2232142857142857 0.11160714285714285
1 0.3794642857142857 0.9084821428571428 0.24107142857142855 0.17410714285714285
0 0.6026785714285714 0.90625 0.17857142857142855 0.03571428571428571
