1 0.6785714285714285 0.8616071428571428 0.25 0.21428571428571427
0 0.6741071428571428 0.7053571428571428 0.29464285714285715 0.05357142857142857
0 0.36160714285714285 0.7120535714285714 0.2589285714285714 0.05803571428571428
0 0.40625 0.6272321428571428 0.1875 0.06696428571428571
0 0.7366071428571428 0.4977678571428571 0.16964285714285712 0.049107142857142856
0 0.6852678571428571 0.22767857142857142 0.23660714285714285 0.05357142857142857
0 0.5401785714285714 0.13839285714285712 0.33928571428571425 0.0625
0 0.7120535714285714 0.015625 0.23660714285714285 0.03125
0 0.5580357142857143 0.4375 0.1875 0.017857142857142856
0 0.35044642857142855 0.4263392857142857 0.07589285714285714 0.013392857142857142
0 0.2075892857142857 0.44419642857142855 0.06696428571428571 0.02232142857142857
0 0.36607142857142855 0.22991071428571427 0.24107142857142855 0.03125
0 0.21651785714285712 0.19866071428571427 0.05803571428571428 0.02232142857142857
0 0.23214285714285712 0.140625 0.08928571428571427 0.03125
