1 0.6763392857142857 0.5446428571428571 0.20089285714285712 0.7410714285714285
1 0.8950892857142857 0.3526785714285714 0.20089285714285712 0.7053571428571428
1 0.33928571428571425 0.6473214285714285 0.33928571428571425 0.6696428571428571
0 0.9129464285714285 0.5669642857142857 0.15625 0.05357142857142857
0 0.9598214285714285 0.4352678571428571 0.07142857142857142 0.16517857142857142
0 0.3995535714285714 0.8013392857142857 0.049107142857142856 0.15625
0 0.32366071428571425 0.5 0.03125 0.08035714285714285
0 0.25669642857142855 0.6026785714285714 0.02232142857142857 0.0625
0 0.3727678571428571 0.2700892857142857 0.049107142857142856 0.02232142857142857
0 0.4196428571428571 0.3214285714285714 0.017857142857142856 0.03571428571428571
