1 0.5178571428571428 0.4977678571428571 0.49107142857142855 0.9955357142857142
0 0.7209821428571428 0.4933035714285714 0.08482142857142856 0.9866071428571428
0 0.33482142857142855 0.10267857142857142 0.05357142857142857 0.20535714285714285
0 0.3950892857142857 0.47098214285714285 0.14732142857142858 0.33482142857142855
0 0.5892857142857143 0.3638392857142857 0.11607142857142856 0.1919642857142857
0 0.375 0.8191964285714285 0.1607142857142857 0.3526785714285714
0 0.546875 0.8236607142857142 0.14732142857142858 0.34375
1 0.359375 0.24107142857142855 0.11160714285714285 0.16964285714285712
1 0.5580357142857143 0.5133928571428571 0.13392857142857142 0.1607142857142857
1 0.4508928571428571 0.6361607142857143 0.08928571428571427 0.11160714285714285
