0 0.3950892857142857 0.390625 0.05803571428571428 0.48660714285714285
1 0.6584821428571428 0.7232142857142857 0.5758928571428571 0.2589285714285714
1 0.14955357142857142 0.6473214285714285 0.29910714285714285 0.15178571428571427
0 0.47544642857142855 0.5044642857142857 0.049107142857142856 0.17857142857142855
1 0.5290178571428571 0.28125 0.27232142857142855 0.3125
1 0.7433035714285714 0.14285714285714285 0.1294642857142857 0.07142857142857142
1 0.9352678571428571 0.12276785714285714 0.12053571428571427 0.07589285714285714
0 0.8459821428571428 0.1294642857142857 0.09375 0.04464285714285714
0 0.2075892857142857 0.1875 0.30803571428571425 0.07142857142857142
1 0.20982142857142855 0.20535714285714285 0.0625 0.05357142857142857
1 0.36160714285714285 0.16517857142857142 0.09821428571428571 0.07142857142857142
1 0.02232142857142857 0.21428571428571427 0.04464285714285714 0.10714285714285714
