0 0.5133928571428571 0.39732142857142855 0.11607142857142856 0.04464285714285714
0 0.5089285714285714 0.5580357142857143 0.11607142857142856 0.0625
0 0.6473214285714285 0.5647321428571428 0.08035714285714285 0.05803571428571428
0 0.6540178571428571 0.4464285714285714 0.07589285714285714 0.08928571428571427
0 0.4620535714285714 0.7455357142857142 0.12053571428571427 0.03571428571428571
0 0.5290178571428571 0.7857142857142857 0.05803571428571428 0.03571428571428571
0 0.6383928571428571 0.8102678571428571 0.08035714285714285 0.05803571428571428
0 0.4620535714285714 0.8660714285714285 0.17410714285714285 0.08035714285714285
0 0.6339285714285714 0.8950892857142857 0.08035714285714285 0.049107142857142856
0 0.34151785714285715 0.08928571428571427 0.21875 0.17857142857142855
0 0.5223214285714285 0.11830357142857142 0.13392857142857142 0.11160714285714285
0 0.6473214285714285 0.055803571428571425 0.125 0.07589285714285714
