1 0.5714285714285714 0.78125 0.40178571428571425 0.40178571428571425
1 0.48660714285714285 0.2589285714285714 0.30357142857142855 0.5178571428571428
1 0.2075892857142857 0.8169642857142857 0.27232142857142855 0.33928571428571425
1 0.18303571428571427 0.359375 0.21428571428571427 0.39732142857142855
0 0.6808035714285714 0.375 0.32589285714285715 0.03571428571428571
0 0.8370535714285714 0.3058035714285714 0.1294642857142857 0.07589285714285714
0 0.7232142857142857 0.15848214285714285 0.4375 0.08482142857142856
0 0.7991071428571428 0.07366071428571429 0.16964285714285712 0.040178571428571425
0 0.6183035714285714 0.02901785714285714 0.14732142857142858 0.03125
0 0.11607142857142856 0.3214285714285714 0.14285714285714285 0.125
0 0.10044642857142856 0.46875 0.11160714285714285 0.07142857142857142
0 0.10491071428571427 0.8080357142857142 0.06696428571428571 0.05357142857142857
0 0.05803571428571428 0.1450892857142857 0.07142857142857142 0.09375
