0 0.578125 0.5825892857142857 0.29910714285714285 0.12053571428571427
0 0.5825892857142857 0.4375 0.30803571428571425 0.08928571428571427
0 0.5691964285714285 0.27901785714285715 0.3526785714285714 0.08482142857142856
0 0.5803571428571428 0.1450892857142857 0.3571428571428571 0.09375
0 0.71875 0.02232142857142857 0.10714285714285714 0.04464285714285714
0 0.5691964285714285 0.7678571428571428 0.26339285714285715 0.14285714285714285
0 0.5446428571428571 0.8928571428571428 0.26785714285714285 0.14285714285714285
0 0.40625 0.7522321428571428 0.125 0.049107142857142856
0 0.3370535714285714 0.6071428571428571 0.18303571428571427 0.03571428571428571
0 0.29910714285714285 0.43303571428571425 0.08035714285714285 0.03571428571428571
0 0.32589285714285715 0.1919642857142857 0.07142857142857142 0.07142857142857142
