0 0.4107142857142857 0.7879464285714285 0.08928571428571427 0.08482142857142856
0 0.5267857142857143 0.65625 0.03571428571428571 0.15178571428571427
1 0.24553571428571427 0.6361607142857143 0.11607142857142856 0.1919642857142857
1 0.11607142857142856 0.8504464285714285 0.23214285714285712 0.2901785714285714
1 0.4040178571428571 0.6071428571428571 0.16517857142857142 0.11607142857142856
1 0.7165178571428571 0.29910714285714285 0.5580357142857143 0.5982142857142857
1 0.36607142857142855 0.13392857142857142 0.24107142857142855 0.26785714285714285
0 0.32366071428571425 0.9084821428571428 0.09375 0.03125
1 0.45535714285714285 0.8258928571428571 0.1875 0.21428571428571427
0 0.8973214285714285 0.6629464285714285 0.04464285714285714 0.28125
0 0.9642857142857142 0.7120535714285714 0.03571428571428571 0.3794642857142857
