1 0.5535714285714285 0.3482142857142857 0.16964285714285712 0.14285714285714285
1 0.7053571428571428 0.7321428571428571 0.11607142857142856 0.14285714285714285
1 0.6517857142857143 0.5602678571428571 0.08035714285714285 0.07589285714285714
1 0.28348214285714285 0.08035714285714285 0.15625 0.1607142857142857
0 0.3794642857142857 0.2544642857142857 0.3214285714285714 0.27678571428571425
0 0.35491071428571425 0.703125 0.29910714285714285 0.5848214285714285
0 0.65625 0.6986607142857143 0.29464285714285715 0.59375
0 0.6495535714285714 0.15625 0.21875 0.3125
1 0.8816964285714285 0.5446428571428571 0.22767857142857142 0.8660714285714285
1 0.17857142857142855 0.4977678571428571 0.07142857142857142 0.9955357142857142
