0 0.33035714285714285 0.7410714285714285 0.125 0.4464285714285714
0 0.27678571428571425 0.3058035714285714 0.04464285714285714 0.11160714285714285
0 0.7857142857142857 0.24330357142857142 0.0625 0.07589285714285714
1 0.29464285714285715 0.13392857142857142 0.14285714285714285 0.26785714285714285
1 0.37723214285714285 0.375 0.13839285714285712 0.2589285714285714
1 0.8303571428571428 0.140625 0.09821428571428571 0.16517857142857142
1 0.8928571428571428 0.024553571428571428 0.14285714285714285 0.049107142857142856
1 0.7477678571428571 0.3058035714285714 0.05803571428571428 0.10267857142857142
1 0.21428571428571427 0.3995535714285714 0.08928571428571427 0.09375
1 0.3013392857142857 0.7477678571428571 0.18303571428571427 0.4776785714285714
