1 0.47991071428571425 0.4977678571428571 0.7276785714285714 0.9955357142857142
0 0.5870535714285714 0.06919642857142856 0.15625 0.13839285714285712
0 0.8482142857142857 0.6205357142857143 0.125 0.1875
0 0.21651785714285712 0.6183035714285714 0.05803571428571428 0.22767857142857142
0 0.10267857142857142 0.28348214285714285 0.05357142857142857 0.05803571428571428
0 0.16517857142857142 0.12723214285714285 0.0625 0.09375
0 0.09598214285714285 0.08928571428571427 0.040178571428571425 0.09821428571428571
0 0.8638392857142857 0.8102678571428571 0.08482142857142856 0.08482142857142856
0 0.21205357142857142 0.4464285714285714 0.03125 0.07142857142857142
0 0.14285714285714285 0.484375 0.0625 0.08482142857142856
