0 0.6517857142857143 0.6517857142857143 0.2857142857142857 0.04464285714285714
0 0.5982142857142857 0.84375 0.14285714285714285 0.30357142857142855
0 0.7455357142857142 0.8125 0.10714285714285714 0.10714285714285714
0 0.32589285714285715 0.8236607142857142 0.23214285714285712 0.22767857142857142
0 0.3794642857142857 0.42410714285714285 0.17857142857142855 0.2232142857142857
0 0.3571428571428571 0.6339285714285714 0.24107142857142855 0.20535714285714285
0 0.65625 0.27232142857142855 0.29464285714285715 0.05357142857142857
0 0.27678571428571425 0.27232142857142855 0.08928571428571427 0.03571428571428571
0 0.42410714285714285 0.07589285714285714 0.09821428571428571 0.15178571428571427
0 0.7120535714285714 0.02901785714285714 0.1919642857142857 0.05803571428571428
1 0.765625 0.9196428571428571 0.03125 0.15178571428571427
0 0.7053571428571428 0.47098214285714285 0.1875 0.3169642857142857
