0 0.828125 0.23660714285714285 0.05803571428571428 0.4732142857142857
0 0.6741071428571428 0.15178571428571427 0.07142857142857142 0.30357142857142855
0 0.8571428571428571 0.8794642857142857 0.07142857142857142 0.23214285714285712
0 0.08928571428571427 0.8482142857142857 0.04464285714285714 0.29464285714285715
0 0.27232142857142855 0.26785714285714285 0.04464285714285714 0.5357142857142857
0 0.10714285714285714 0.11607142857142856 0.04464285714285714 0.23214285714285712
1 0.0625 0.39285714285714285 0.125 0.2232142857142857
0 0.5245535714285714 0.9174107142857142 0.040178571428571425 0.15625
0 0.7075892857142857 0.9330357142857142 0.08482142857142856 0.125
0 0.625 0.8191964285714285 0.1875 0.07589285714285714
1 0.6227678571428571 0.5602678571428571 0.5223214285714285 0.48660714285714285
0 0.703125 0.43973214285714285 0.16517857142857142 0.05803571428571428
0 0.40178571428571425 0.47098214285714285 0.0625 0.12053571428571427
0 0.27232142857142855 0.8392857142857142 0.04464285714285714 0.125
