0 0.41741071428571425 0.31919642857142855 0.1294642857142857 0.23660714285714285
0 0.421875 0.5669642857142857 0.13839285714285712 0.2232142857142857
0 0.42410714285714285 0.11383928571428571 0.125 0.20982142857142855
0 0.8125 0.26116071428571425 0.1875 0.12053571428571427
1 0.9441964285714285 0.23660714285714285 0.10267857142857142 0.09821428571428571
0 0.8325892857142857 0.5580357142857143 0.22767857142857142 0.19642857142857142
0 0.9665178571428571 0.6696428571428571 0.05803571428571428 0.39285714285714285
1 0.24107142857142855 0.29464285714285715 0.07142857142857142 0.10714285714285714
1 0.30357142857142855 0.09821428571428571 0.04464285714285714 0.07142857142857142
1 0.625 0.16517857142857142 0.2589285714285714 0.05357142857142857
0 0.5424107142857143 0.07142857142857142 0.03125 0.14285714285714285
1 0.5446428571428571 0.09375 0.017857142857142856 0.04464285714285714
1 0.40625 0.8459821428571428 0.26785714285714285 0.29910714285714285
1 0.7901785714285714 0.05133928571428571 0.0625 0.10267857142857142
