0 0.5267857142857143 0.040178571428571425 0.24107142857142855 0.0625
0 0.7477678571428571 0.04241071428571428 0.22767857142857142 0.06696428571428571
0 0.609375 0.10491071428571427 0.4151785714285714 0.06696428571428571
0 0.6294642857142857 0.1875 0.4732142857142857 0.08928571428571427
0 0.6272321428571428 0.29241071428571425 0.45982142857142855 0.05803571428571428
0 0.6294642857142857 0.4308035714285714 0.45535714285714285 0.09375
0 0.4620535714285714 0.515625 0.1294642857142857 0.05803571428571428
0 0.48660714285714285 0.5870535714285714 0.1875 0.040178571428571425
0 0.6138392857142857 0.6473214285714285 0.45982142857142855 0.09821428571428571
0 0.48660714285714285 0.7098214285714285 0.19642857142857142 0.08928571428571427
0 0.6674107142857143 0.8102678571428571 0.33482142857142855 0.09375
0 0.47098214285714285 0.875 0.16517857142857142 0.05357142857142857
0 0.6116071428571428 0.9598214285714285 0.42857142857142855 0.07142857142857142
1 0.6450892857142857 0.65625 0.2544642857142857 0.11607142857142856
1 0.4933035714285714 0.4196428571428571 0.09375 0.09821428571428571
1 0.2745535714285714 0.6183035714285714 0.1919642857142857 0.7544642857142857
