0 0.578125 0.06696428571428571 0.09375 0.13392857142857142
0 0.5959821428571428 0.27232142857142855 0.10267857142857142 0.23214285714285712
0 0.7544642857142857 0.19419642857142855 0.10714285714285714 0.05803571428571428
0 0.6607142857142857 0.5223214285714285 0.24107142857142855 0.3125
0 0.6696428571428571 0.7700892857142857 0.30357142857142855 0.2544642857142857
0 0.4040178571428571 0.7611607142857142 0.15625 0.05803571428571428
0 0.2700892857142857 0.6361607142857143 0.1294642857142857 0.13839285714285712
0 0.25 0.2857142857142857 0.125 0.026785714285714284
0 0.24330357142857142 0.17410714285714285 0.11160714285714285 0.03571428571428571
0 0.8169642857142857 0.6741071428571428 0.07142857142857142 0.03571428571428571
