1 0.6897321428571428 0.11160714285714285 0.15625 0.21428571428571427
1 0.38169642857142855 0.7142857142857142 0.07589285714285714 0.13392857142857142
1 0.37723214285714285 0.05803571428571428 0.13839285714285712 0.11607142857142856
1 0.5959821428571428 0.29241071428571425 0.1919642857142857 0.15625
1 0.8727678571428571 0.6763392857142857 0.09375 0.30803571428571425
0 0.421875 0.4464285714285714 0.29910714285714285 0.39285714285714285
0 0.27232142857142855 0.7299107142857142 0.1875 0.33482142857142855
0 0.4776785714285714 0.8727678571428571 0.17857142857142855 0.24553571428571427
0 0.453125 0.1763392857142857 0.16517857142857142 0.15625
0 0.7611607142857142 0.453125 0.20089285714285712 0.24553571428571427
0 0.5915178571428571 0.06026785714285714 0.13839285714285712 0.12053571428571427
