0 0.53125 0.4732142857142857 0.3571428571428571 0.0625
0 0.5625 0.3526785714285714 0.375 0.0625
0 0.49553571428571425 0.03794642857142857 0.6160714285714285 0.07589285714285714
0 0.3214285714285714 0.28125 0.24107142857142855 0.05357142857142857
0 0.5379464285714285 0.1919642857142857 0.4508928571428571 0.0625
0 0.328125 0.5558035714285714 0.24553571428571427 0.07589285714285714
0 0.2700892857142857 0.4732142857142857 0.14732142857142858 0.04464285714285714
0 0.4107142857142857 0.6741071428571428 0.26785714285714285 0.05357142857142857
0 0.4933035714285714 0.7522321428571428 0.5401785714285714 0.06696428571428571
0 0.5133928571428571 0.84375 0.4464285714285714 0.0625
0 0.47544642857142855 0.9508928571428571 0.20089285714285712 0.07142857142857142
