0 0.43303571428571425 0.5401785714285714 0.19642857142857142 0.07142857142857142
0 0.4508928571428571 0.6517857142857143 0.21428571428571427 0.07142857142857142
0 0.453125 0.7790178571428571 0.3169642857142857 0.14732142857142858
0 0.7410714285714285 0.7879464285714285 0.1875 0.08482142857142856
0 0.7120535714285714 0.6316964285714285 0.20089285714285712 0.1294642857142857
0 0.6941964285714285 0.5111607142857143 0.28125 0.09375
0 0.38616071428571425 0.44419642857142855 0.20982142857142855 0.06696428571428571
0 0.6495535714285714 0.40625 0.2544642857142857 0.07142857142857142
0 0.6361607142857143 0.32589285714285715 0.2901785714285714 0.07142857142857142
0 0.65625 0.09151785714285714 0.40178571428571425 0.06696428571428571
0 0.6473214285714285 0.02232142857142857 0.4107142857142857 0.04464285714285714
0 0.36160714285714285 0.06026785714285714 0.125 0.06696428571428571
