0 0.6383928571428571 0.125 0.4107142857142857 0.10714285714285714
0 0.6316964285714285 0.265625 0.3883928571428571 0.08482142857142856
0 0.6183035714285714 0.4308035714285714 0.39732142857142855 0.09375
0 0.6049107142857143 0.5870535714285714 0.37053571428571425 0.10267857142857142
0 0.45982142857142855 0.7522321428571428 0.125 0.049107142857142856
0 0.6294642857142857 0.7745535714285714 0.29464285714285715 0.11160714285714285
0 0.4732142857142857 0.9308035714285714 0.15178571428571427 0.07589285714285714
0 0.640625 0.9129464285714285 0.24553571428571427 0.13839285714285712
0 0.375 0.1763392857142857 0.05357142857142857 0.02232142857142857
0 0.3571428571428571 0.4263392857142857 0.07142857142857142 0.013392857142857142
0 0.3482142857142857 0.6026785714285714 0.07142857142857142 0.017857142857142856
