002105
001610
002648
002167
002466
002276
000783
001752
001549
001502
001533
000242
000164
000065
000093
000610
002271
001174
002374
000708
002191
001151
001253
002236
000995
001128
000399
000524
001353
001402
001622
001769
001630
001194
000588
000911
001067
002656
002250
001531
002491
001540
001990
002049
002030
002333
000570
000760
001324
001770
002225
001187
001573
000767
000644
002136
000887
001049
000044
001717
000799
002211
002444
000385
000538
001685
000987
000781
002196
002025
000696
001952
000649
000012
000263
000875
002098
000207
000614
000184
001490
002700
001859
001497
001263
000458
001456
002671
001948
001670
002469
000264
000481
000616
002130
001520
000380
002200
002344
000337
001852
001010
001058
001788
000413
002663
001692
001107
000118
001904
000714
001679
001059
001327
000312
000351
001760
001208
000641
000391
000677
001193
001137
002149
001185
002054
001082
001529
001673
001478
001612
000291
001432
000252
000998
000189
002317
000364
002505
000305
002203
000532
002382
000541
001657
001541
001230
001188
002346
000119
001824
001136
002132
001306
000682
002277
000791
001943
000954
001153
000023
001957
002091
000604
000897
001757
002306
000934
001439
001874
000201
000683
002340
001616
000423
002508
000944
002379
002628
001388
001163
000836
000409
002238
000709
001842
002516
001034
002026
002430
001725
001517
001767
001591
002066
000749
001819
001135
000586
002046
002706
000254
001474
001807
000229
002364
002679
001000
000754
001901
002234
001033
000698
000373
002415
001776
001932
001316
001268
002590
000728
000594
000815
002194
001992
001463
000764
001913
001225
000434
000331
002439
000348
001222
002525
000999
001064
000829
000085
002231
000557
001004
000896
001256
002629
002531
000393
002259
001933
001677
001766
000281
001758
001447
002661
002065
000500
002604
002521
001955
000526
002384
000421
000495
002383
001857
000247
000314
001521
000225
002498
001031
000365
000016
001764
000316
000255
000248
002275
002318
000474
001925
002627
000667
001944
001783
002427
002555
000786
001856
001403
001267
001546
000591
000531
000414
001110
002624
002107
000651
000127
002541
000490
002232
002233
001637
001323
002485
002283
001255
000253
002278
000678
002199
001771
001158
001803
001275
002488
001105
000725
002595
001690
001809
000402
001577
000167
000400
002202
000070
000926
000333
000283
001953
000864
001868
000549
000214
002186
002509
002385
001525
001895
001115
001308
001288
002255
000397
000534
001574
000145
000552
000384
000160
000006
000642
000349
000060
000224
001468
001044
000555
001062
001097
002421
001532
000948
001336
000260
001584
000515
001160
002183
000428
000039
000453
000793
002047
001465
000928
001146
000633
001654
002174
000502
000210
000375
000654
002288
001343
001999
001339
000865
001880
002458
000659
001583
001844
000408
001063
000855
000273
000834
000925
001966
002284
001995
000310
002118
002360
001866
001984
000046
001744
001068
000769
002154
000437
000341
000635
001210
002484
001358
001428
002504
001907
000470
000498
001045
002433
001363
002184
000994
000436
001912
000840
000731
000867
001662
002325
001239
001433
001597
000077
001338
001884
002610
000319
001204
002341
001973
000480
000298
001065
000243
000187
002584
002096
001946
000600
001103
001658
000790
002237
000901
000379
000108
002009
000388
000339
001726
001861
001791
000567
001775
001902
000049
000727
002499
001686
000321
001703
002270
002316
000279
002399
000206
002240
000997
000099
001847
001580
000988
002008
000309
001469
001452
000325
000419
000723
001054
000936
000991
002634
000894
002239
001719
000806
000632
000345
001352
001499
000327
000903
000484
000674
001972
001858
001830
000986
002472
000457
000740
002486
001795
000697
001487
000716
001608
000982
000262
002655
000701
001411
002463
001851
001527
000915
001399
002683
001689
000536
000109
002418
001961
000132
000468
000234
001192
001284
002608
000758
002570
000819
000026
002401
001635
001207
000148
002219
002083
001484
001768
001710
000634
000726
000627
001347
001216
000914
001367
002419
002467
001371
000181
002565
001562
000765
001605
001170
000300
002620
002068
000370
001090
000695
000577
001438
001780
000891
001600
000979
000178
002684
000704
001003
000653
000560
000074
000576
001398
000257
002468
001464
000961
000406
001918
000466
002108
002247
002354
000113
000544
000590
002445
002286
002242
001681
000456
002551
001008
000240
002100
000856
001344
001867
000919
000751
001436
002664
000287
000584
002137
001958
000381
000322
001142
002212
002358
000486
002510
001261
002459
002343
001335
000885
001896
000542
001998
001443
000467
001116
000608
002017
001043
001761
001666
001997
000030
001055
000609
000922
000882
001380
001928
002303
000898
002426
001798
002309
000433
001915
001579
001722
000424
002163
000912
001876
002272
001862
001699
001021
001782
001075
001481
001459
001919
001538
001556
001886
002476
002432
000439
000978
001831
000455
000198
001294
001792
000785
000358
000438
000530
002639
001936
001909
002218
001567
002392
002131
001219
001260
000507
001645
000809
002198
000446
000522
002453
000804
000156
002106
000745
002180
001595
001412
001265
001476
000700
002351
002257
001514
000334
001931
001422
001042
000010
002005
002139
002291
000307
002605
001940
000324
000759
000246
000499
002102
001314
002110
001368
001929
000427
001716
002659
001056
002261
001092
000275
001808
002549
002115
000941
001278
002123
002407
000681
000412
000942
001841
002641
001281
002020
002406
001786
000473
001599
001480
000101
001789
001759
002084
001848
001016
001566
002226
001410
002632
002321
000679
002011
002182
000261
002254
001108
001967
001223
000217
001250
002518
000607
000860
000626
002588
000363
001178
002069
001229
002190
000304
001014
002185
000787
000425
001099
000612
001740
000122
000921
002230
001361
000106
002099
000008
002583
002529
000326
000078
002041
001631
002282
002086
000086
002209
001619
001602
000967
000367
000923
000648
001444
001096
002601
000596
002301
000237
001898
000083
002330
000124
000895
000301
001865
002001
001745
000937
000776
002220
000290
002077
001450
001485
001030
000797
001747
000969
002134
001675
001017
002614
001908
001370
000884
001414
000317
002550
002544
000638
002371
001578
000032
002692
001749
001965
000059
002380
002114
002027
002266
002290
001993
000888
000098
000231
002559
000478
002686
002080
000265
000190
001475
001582
001519
000404
000366
000742
002699
001282
000269
002175
001507
000504
000890
001202
001488
001734
000505
001960
000188
002213
001817
000019
001296
001855
002696
002228
002571
002526
001982
000136
000018
002690
000153
000820
001569
002553
002355
001508
002478
001543
001183
002195
001434
002480
001071
001774
001471
001440
002405
002359
000037
000805
000462
002461
000803
000587
001100
001513
000841
000292
002197
002662
002037
000020
002564
001500
000150
000277
002258
000945
000488
000163
002070
000810
000090
001664
002205
000075
000452
002561
000983
001606
001442
000091
001888
000621
001975
001102
001756
001625
001511
001503
002523
000306
001613
001593
001828
002153
000801
000076
000868
001236
001671
001310
000445
002460
000710
001713
000017
001340
001651
002532
002135
001604
000451
001938
002694
000554
002173
001974
000546
001166
001109
001379
001181
000839
001665
001620
001706
000713
001763
001020
000842
001558
000746
001518
000396
002251
002398
001072
000668
001626
000771
002296
001161
001303
001131
002477
002397
001354
001036
000671
000893
001977
001956
001175
001026
000737
001117
000285
000169
001949
001892
000574
000972
001047
000603
000511
000036
001051
002040
000732
002150
002587
000807
002520
001167
001413
000171
001124
001981
000479
002267
002625
002372
002537
002462
000761
000933
002594
001729
001057
000222
000647
000497
001712
001921
000794
001736
000311
001598
000777
001650
000753
001362
001405
000715
001495
001212
001328
002260
001149
000662
000879
002378
001860
002181
001834
001680
000501
002304
002674
000705
000227
002470
000640
001155
000487
000568
001746
002157
000520
000813
000664
000558
002013
000619
000690
000475
000824
002094
000002
002558
001694
000736
001177
000900
000158
000034
002414
001299
001376
001617
001565
002543
002552
000773
001683
001035
002129
000872
000249
000929
000295
001911
000606
001322
001279
000374
001724
002669
000361
001274
002597
002434
002494
001013
000816
000811
000734
000353
000686
000892
001988
001816
001920
001754
000066
001023
000535
001621
002362
002651
000748
000685
002666
000128
002145
000276
002178
000199
000448
000403
001821
000981
000372
002413
001078
001822
001723
002052
002676
001748
001317
002081
002409
002193
000992
000601
002315
002293
000459
002599
001053
002428
001098
002062
001985
001301
001449
001636
001950
001295
001553
001391
000347
001733
001048
000908
000578
002045
002474
001742
001454
000112
000215
002159
002682
000527
001199
001258
000795
000523
001715
002495
001076
000733
002124
001114
000492
000762
000318
002490
000107
002539
000830
000646
000067
001366
000426
002018
000185
002171
000564
000216
001548
002363
000699
002652
000329
000755
000823
002042
001375
000155
001341
000027
002151
000871
000597
001287
001959
000932
001217
000899
001369
002004
002217
000149
001781
001951
000889
002155
001785
002649
001869
000220
001272
000956
001292
002448
001656
000902
002166
002007
000491
000496
001262
002607
001784
002603
002310
001647
002489
002449
002579
000195
002347
002188
000293
001421
001184
002636
002386
002573
002578
002092
001779
002298
000918
002702
002112
002221
000613
002156
000756
001628
001060
001477
001349
002575
001018
002326
000063
000117
000905
001445
001214
000970
000320
000955
002264
000850
000951
001307
002127
002179
002241
002055
002502
002033
002650
001028
000883
000315
002653
000235
000846
002633
000826
002546
000968
000869
002082
002600
002164
000543
000068
000645
002138
000618
000004
000444
001237
002063
000186
000095
002022
001939
002162
002323
002332
002626
001589
002365
002010
000548
001691
000005
001242
002126
000386
000800
000828
001899
002206
001668
000131
001364
002064
002562
001987
001505
002673
001190
002615
001360
000052
001009
000724
002207
001986
000048
000371
002598
000203
000271
000151
001315
000182
001570
000114
001095
001523
002643
002263
001270
002109
001551
001319
002305
000442
001126
001623
002672
002328
001143
001813
000775
001179
001644
001289
000622
002408
000957
002245
001209
000808
002122
000025
001963
001687
001479
000611
001461
001431
000120
002116
002473
001392
001522
000920
001393
001133
000274
001453
001667
001165
000812
000629
001215
000822
000354
002691
002248
000796
001200
002479
001355
001269
000935
001189
000782
000930
001050
000766
001079
002222
000387
001346
002331
000268
001804
002089
001150
001542
000144
001227
000047
002704
002471
001321
002048
001070
001061
001235
000661
001154
001198
000528
000069
002169
001701
002168
002043
001186
000432
000330
001894
001218
002681
000054
000251
000689
000973
000862
002281
001554
002390
001197
001557
000383
001515
002395
001011
001787
001504
002165
002308
001293
000494
000407
000272
000170
002545
001778
000140
001802
000043
001801
000356
001743
002503
002697
002658
002214
001351
001516
002036
000335
002060
002053
001374
000676
001220
000712
002440
000130
001486
001387
001536
002058
000778
001300
001640
000630
002689
002631
000774
002668
001404
001962
000854
000072
002021
000096
001971
001550
001596
000707
000022
001891
000015
000924
000041
002035
001285
001112
001753
002497
001638
001332
001561
001976
000009
001383
000831
001312
002034
002345
002611
001129
002431
000598
000137
000583
001945
001937
000194
001094
000718
001811
000299
002367
000110
001800
000343
000183
002577
001409
001887
001741
002327
001954
002512
002111
000482
002437
000739
001731
000672
002141
001714
001700
002475
002337
002394
000377
001305
002422
002443
001609
000768
001331
002417
000288
001205
002216
001708
001607
001080
001661
001823
001382
000079
001106
000449
001406
000529
002227
000344
001632
002128
000666
002447
000939
000360
001140
002530
000582
002024
001088
001176
000200
000143
001655
001460
000602
002320
002617
002389
000355
000176
001152
001854
001835
001172
001727
001922
000313
001246
000489
000289
002695
001587
000228
000940
002670
002435
001345
000506
